Saccora,537.859,44.815,41.156,38.045,28.4,24.597,27.267,48.45,61.121,19.666,48.581,31.427,29.439,5.946,32.409,21.652,34.888
Cronel,472.135,48.098,47.812,32.028,48.868,34.481,37.52,53.819,34.034,35.401,42.147,13.678,0,0,0.051,4.953,39.245
Virchue,470.382,29.429,16.078,34.726,26.85,37.255,35.204,22.577,23.089,32.91,27.845,47.755,30.682,39.103,15.659,24.504,26.716
Oment,409.601,21.883,23.688,31.553,21.108,21.403,44.621,23.284,26.889,21.15,33.349,10.149,24.563,21.64,16.524,36.836,30.961
Rush,387.479,33.706,29.841,17.308,15.984,45.794,31.92,42.308,30.023,22.837,37.959,13.498,0,0.992,36.225,20.026,9.058
Downrightdave,332.793,40.075,37.116,45.636,47.448,35.56,19.425,52.237,55.296,0,0,0,0,0,0,0,0
Grapes of Math,323.048,41.546,32.267,45.816,39.983,40.485,41.921,36.926,44.104,0,0,0,0,0,0,0,0
Robert,289.756,9.369,19.605,10.369,33.255,9.49,6.954,62.752,7.837,11.789,9.782,5.37,20.549,8.551,44.323,20.024,9.737
Crazy Elf,277.383,42.888,35.104,12.076,33.669,15.07,27.161,25.884,10.394,18.22,4.866,5.277,16.333,1.951,6.341,22.149,0
p@qz™,266.037,0,28.009,11.994,17.794,8.032,13.443,18.054,30.72,18.129,28.951,21.752,19.054,25.542,19.117,5.446,0
Mulla,264.629,15.03,40.953,22.644,10.291,4.278,9.354,19.359,12.062,26.319,18.394,9.894,29.693,24.444,8.433,6.893,6.588
Toothy,248.117,0,44.903,6.65,28.57,13.531,21.066,8.275,31.091,12.341,23.196,7.083,5.261,29.911,9.629,3.247,3.363
Jomutta,245.242,26.532,10.344,22.728,35.138,20.418,15.187,13.387,16.668,11.402,16.255,11.742,26.924,6.934,7.641,3.942,0
Rio,243.257,12.3,12.885,4.746,15.664,37.689,9.567,17.795,10.067,10.397,18.729,13.257,22.601,8.655,19.931,14.065,14.909
Sharkey,235.826,15.749,7.667,14.586,33.292,12.669,17.724,16.856,26.336,0.338,25.327,6.061,17.774,19.125,5.048,4.391,12.883
ajj_howtorot,235.747,5.162,20.386,0,17.637,3.558,0.712,18.648,2.048,51.522,18.283,4.245,48.115,29.729,15.702,0,0
Tidnab,229.52,47.786,5.954,8.178,40.861,13.665,6.982,25.566,6.449,11.856,8.175,1.739,1.965,1.36,0.155,39.08,9.749
Templeman,223.863,41.287,24.119,10.824,11.523,7.096,11.512,13.104,1.012,40.794,3.333,47.259,0.915,7.835,1.272,1.974,0.004
Merf,223.719,29.953,13.83,5.806,11.478,2.216,9.164,2.655,18.733,20.725,12.751,12.227,17.503,24.923,7.044,13.138,21.573
Vran,217.026,27.754,24.376,18.925,19.521,23.968,25.181,28.206,23.738,24.153,1.204,0,0,0,0,0,0
exrio,204.542,6.819,9.029,11.357,24.885,31.732,19.267,21.847,0.745,3.255,0.975,14.306,21.655,6.834,5.061,18.953,7.822
mris,203.266,1.809,23.699,1.776,12.134,34.712,8.376,16.217,1.927,14.542,9.956,8.743,55.049,2.726,6.449,5.151,0
Almezo,198.779,0,5.862,13.011,12.585,21.211,17.723,8.79,7.806,29.0,22.865,7.316,26.352,5.884,7.421,7.91,5.043
Guydoonster,195.744,6.508,15.933,13.817,18.794,32.479,16.385,12.923,5.817,15.893,20.006,9.915,12.996,12.819,1.459,0,0
jmerc13,192.626,25.104,6.188,20.878,26.321,10.465,16.033,12.298,2.574,13.418,20.906,0.65,0.969,25.229,0.003,2.508,9.082
Nate,189.056,0,0,0.008,15.969,3.003,15.753,0.032,19.191,19.223,12.581,8.73,54.093,7.281,23.74,3.989,5.463
Cents321,185.921,19.589,15.752,3.73,27.199,25.94,3.48,4.051,14.707,2.897,24.732,6.847,20.468,0.025,2.775,7.578,6.151
TerryPie,185.531,16.925,14.718,5.44,6.806,1.034,36.293,28.479,1.16,0.696,29.428,0,0.108,41.028,1.424,0.068,1.924
playt0i,180.723,24.052,6.372,9.643,14.557,12.144,29.804,12.408,19.028,1.013,2.769,5.216,7.104,12.355,5.656,0.942,17.66
Shaidar,175.167,21.668,22.206,7.007,31.067,9.882,13.659,5.47,3.432,10.198,5.499,12.674,6.807,9.02,12.845,3.733,0
cerbrus87,173.692,13.274,12.058,22.366,13.633,9.222,13.601,22.445,15.035,5.27,13.023,8.994,7.371,11.225,6.175,0,0
Zedijar,164.304,18.745,23.718,11.671,21.93,3.594,9.48,2.302,2.726,8.356,6.574,7.89,4.346,17.426,7.434,4.104,14.008
Jcinnz,164.244,28.239,9.851,3.66,7.512,8.355,13.756,6.693,8.001,15.954,0.401,3.801,28.018,1.372,21.279,5.582,1.77
OMGnoob,161.238,0,5.748,8.046,24.587,16.723,12.831,8.413,3.998,10.126,21.594,13.15,14.017,11.618,5.302,5.075,0.01
nurtho,160.939,6.434,8.286,6.09,1.042,7.694,12.429,7.886,10.789,36.783,10.216,3.81,11.954,7.582,3.898,11.14,14.906
Puntti,159.255,20.97,3.658,5.905,4.633,3.091,14.09,10.198,7.594,27.017,10.335,5.512,13.733,7.545,3.88,6.259,14.835
lamb,156.113,17.215,0,7.25,14.204,6.417,10.786,2.432,12.245,5.862,5.963,7.615,20.45,11.989,14.448,9.344,9.893
Dark towers,154.107,48.05,10.051,8.932,15.691,28.027,5.521,7.439,5.95,8.939,14.871,0.636,0,0,0,0,0
InternetFett,153.097,22.401,13.869,0.012,16.128,0.486,5.442,2.511,12.718,7.801,11.589,0.673,9.297,13.334,3.458,1.237,32.141
McDaginald,153.096,0,0,0,0,0,0,0,0,0,0,15.21,16.123,26.317,18.648,40.941,35.857
Wurstmeyer,152.336,10.068,4.637,7.482,19.124,7.423,10.398,22.161,11.632,12.93,9.762,16.393,0,11.164,3.652,3.297,2.213
Thors Bjørn,150.806,0,0,17.668,12.826,20.308,19.681,35.824,36.074,8.425,0,0,0,0,0,0,0
BigBell,147.319,4.369,6.635,3.984,6.664,1.057,18.25,16.298,0.014,6.938,25.155,3.76,25.584,1.873,14.143,9.867,2.728
MannoWrath,146.537,30.14,38.529,2.489,9.738,13.666,12.258,6.915,26.77,6.032,0,0,0,0,0,0,0
Faith,141.53,20.86,0,14.561,0,15.051,0,0,15.634,12.797,17.116,0,0,0,0,37.042,8.469
AlexJones,140.07,0,0,13.608,8.904,27.209,32.809,20.442,3.117,28.026,5.955,0,0,0,0,0,0
Beautiful Disaster,139.972,21.822,9.151,3.912,12.827,6.852,4.659,19.368,7.656,3.868,10.399,11.555,8.409,13.035,3.718,2.741,0
Empoy,138.089,1.205,26.06,9.221,9.874,15.889,6.071,5.296,8.392,7.12,9.201,6.587,13.244,11.904,8.025,0,0
Danimoth,136.236,8.096,8.817,9.809,7.367,1.54,2.642,0.603,5.7,2.044,7.582,7.283,3.339,45.342,4.863,3.153,18.056
Neophyte,134.93,0,1.667,0.186,18.309,17.42,10.663,5.109,0,0,0,10.505,19.67,14.096,12.141,13.236,11.928
Sloxxor,133.597,11.154,16.251,13.945,7.323,6.807,5.736,0.041,7.464,6.146,12.583,5.942,8.171,8.131,8.92,3.416,11.567
Volv,130.675,13.357,10.585,7.358,43.4,4.739,38.611,2.724,0.011,9.89,0,0,0,0,0,0,0
Mandos,126.974,0,0,0,0,0,0,0,0,0,39.591,0,14.635,12.585,18.298,20.696,21.169
bigchris27,126.53,11.605,6.202,6.623,4.445,4.895,5.366,3.143,8.212,12.613,19.857,7.897,0.171,8.702,5.636,11.478,9.685
Swamp Fox,125.244,16.082,3.946,2.949,23.423,15.131,0,0,8.021,6.303,9.913,0,0,0,0,39.476,0
Slice,124.842,5.239,28.263,9.915,20.243,1.391,3.624,0.271,0.089,4.038,0.018,2.219,6.079,40.731,0,2.574,0.148
Sizzler,119.367,0,0,0,0,0,0,7.978,12.292,18.198,23.646,10.711,8.157,8.499,10.216,11.532,8.138
MikeyBlue,119.19,7.342,5.282,7.894,12.38,9.218,5.66,8.243,11.866,14.04,13.208,4.796,8.669,2.247,1.15,2.04,5.155
Triggered,117.673,0,26.297,0,0,0,0,0,0,3.1,17.801,6.272,40.628,21.527,2.048,0,0
Martinum,116.621,16.454,9.801,2.743,0.58,0,1.882,9.744,0.107,12.773,18.712,11.228,18.32,5.168,9.109,0,0
Soup,116.219,30.458,18.889,13.275,3.512,16.491,21.677,11.917,0,0,0,0,0,0,0,0,0
Rompar,114.047,0.053,7.68,17.675,14.679,5.826,5.258,5.297,5.2,5.75,1.862,5.322,5.906,17.855,15.684,0,0
Gothia,113.357,6.549,8.667,5.161,4.179,5.698,3.557,4.777,2.713,3.66,22.236,0.001,29.054,9.162,6.311,1.632,0
Jakool,113.305,0,0,1.141,0,0,10.732,0.568,4.657,41.025,5.221,33.669,1.872,10.59,1.067,1.482,1.281
Warpig,112.465,5.75,12.09,10.673,12.443,5.628,14.825,18.669,4.716,8.846,18.825,0,0,0,0,0,0
Cobber,110.195,9.92,10.328,0,1.761,1.852,13.535,10.384,0,9.429,7.927,11.265,3.521,11.085,13.073,0,6.115
AgFx,108.207,34.917,29.413,6.301,23.662,13.914,0,0,0,0,0,0,0,0,0,0,0
Mdk,107.036,0,0.0,0.569,0,36.415,0,1.461,30.728,12.214,0,0,0,0.0,8.943,9.847,6.859
MacTheMeek,104.195,0.0,30.209,2.253,20.665,1.323,6.925,0.006,0,5.836,27.906,1.229,2.114,0.111,5.618,0,0
Unfather,103.426,1.114,11.703,8.58,36.05,26.122,4.449,8.811,1.501,1.495,3.295,0.306,0,0,0,0,0
TitoB,102.013,0,0,0,0,0,0,0,0,18.246,18.768,19.8,24.971,1.6,4.039,9.681,4.908
Canard,101.639,0,14.773,16.825,0.123,0.051,3.169,22.592,18.886,18.361,6.859,0,0,0,0,0,0
Larso,101.087,8.634,0,0.556,6.411,3.991,12.134,4.616,4.233,6.348,12.147,11.145,8.472,13.039,4.601,2.268,2.492
Bobbo,99.94,0,0.048,1.419,19.671,13.075,3.173,14.092,8.187,9.93,0.0,1.608,0.9,12.497,1.288,13.877,0.175
Korsan,99.694,0.0,11.17,5.542,5.811,0,15.001,4.647,11.454,7.249,16.807,9.34,1.867,1.212,2.151,1.794,5.649
SlyPimp,99.481,14.903,5.346,0,0.003,0.0,4.072,1.68,15.702,3.179,26.682,0,6.606,7.679,6.073,2.609,4.947
Gipsa,98.595,5.168,0,49.444,19.389,7.884,16.71,0,0,0,0,0,0,0,0,0,0
Uruk Hai,97.668,5.371,3.439,4.198,11.51,9.387,9.289,10.911,0,5.463,1.882,8.45,8.375,6.116,8.517,0.719,4.041
Yami,97.094,2.356,0.233,1.948,7.88,0.697,3.445,2.733,0.445,7.627,4.595,6.469,12.933,4.434,34.55,2.963,3.786
Sly Delvecchio,96.2,0.0,4.375,9.092,2.127,12.198,6.628,17.013,0.0,3.07,12.619,2.395,0.442,1.142,22.514,2.328,0.257
TheThing,93.914,0,0,0,0,0,0,4.479,6.609,25.881,2.384,7.059,11.3,7.153,4.65,3.611,20.788
Damdred,93.767,1.85,17.634,12.818,19.22,0.0,19.373,22.872,0,0,0,0,0,0,0,0,0
Temujin83,92.985,0,0,0,0,0,0,11.973,0.639,1.625,1.294,16.925,8.892,33.432,4.117,0.394,13.694
ForPony!,89.89,0,0.0,48.092,36.917,4.881,0,0,0,0,0,0,0,0,0,0,0
Payfoot,87.923,0,0,0,0,4.239,0,2.377,0,9.134,2.654,2.005,23.728,16.568,22.521,4.697,0
Chud,87.003,0,0,0,0,0,0,0,0,9.773,5.174,19.655,14.33,11.805,13.372,12.894,0
Rury,85.293,6.951,10.387,0.101,4.653,4.936,6.109,8.329,4.423,10.14,7.536,9.698,4.284,5.056,0.812,0.57,1.308
margoose,83.266,0.748,9.438,4.063,4.722,38.3,13.296,8.423,1.803,1.034,1.208,0.231,0,0,0,0,0
jboy,82.64,3.749,8.339,1.73,1.712,7.77,3.325,10.969,6.271,10.658,7.032,1.48,0.542,8.64,5.181,1.735,3.507
JRog,81.861,27.934,0,0,34.716,0,0,0,0,0.005,2.492,16.714,0,0,0,0,0
Ivetza,81.628,10.063,4.729,12.591,1.563,10.164,1.237,8.666,2.678,8.207,7.84,5.724,5.387,1.124,0,0,1.655
Cloud Panda,81.528,0,6.108,12.957,3.732,10.557,0,0,0,0,0,18.628,0,10.428,9.007,2.978,7.133
Jocke,81.22,13.235,18.772,0.065,0,0,0,18.536,0.939,0,0,14.726,14.947,0,0,0,0
Craghack,81.062,25.858,2.33,0,0,0.026,5.854,7.51,5.336,1.358,2.217,3.923,8.167,8.536,0.326,9.621,0
Chunk,80.379,13.706,11.602,12.301,20.694,1.247,12.697,8.132,0,0,0,0,0,0,0,0,0
ModusPwnens,80.101,0,0,0,0,0,0,0,0,3.131,0,3.558,46.283,3.018,6.333,11.923,5.855
Freeze,78.959,1.119,14.771,10.075,8.821,9.054,6.858,19.523,8.281,0,0,0,0,0,0,0,0.457
Calvin,78.589,13.576,22.959,0,19.116,22.938,0,0,0,0,0,0,0,0,0,0,0
Phoenix,78.359,8.935,13.332,8.838,7.706,17.076,3.217,0,0,0,0,2.388,2.375,9.031,4.647,0.814,0
Pasi,75.896,0,0,0,0,0,0,0,0.07,3.673,10.608,8.905,45.493,3.344,0,2.334,1.469
DanTheMan,75.664,6.0,0,0.065,5.301,11.485,0.483,0.563,6.826,13.575,7.078,6.198,5.718,0.561,10.143,1.668,0
pakdee,71.617,0,0,0,0,0,0,5.301,4.526,12.613,0,5.81,15.056,1.948,5.504,2.823,18.036
Drads,69.03,7.522,9.857,1.577,3.956,7.465,0.031,2.282,0.001,2.48,5.183,4.382,6.864,15.277,1.775,0.097,0.281
Muggistan,68.024,16.239,36.038,15.135,0,0.612,0,0,0,0,0,0,0,0,0,0,0
ZachSmack,67.773,0,0.0,10.597,5.574,4.383,0,8.01,0,0,0,14.149,6.727,10.036,4.879,3.418,0
Rush2008,66.889,0,0,7.136,32.696,0.037,9.33,0.604,2.203,2.397,12.486,0,0,0,0,0,0
Sommarhydda,66.071,0.046,1.058,0.141,25.871,0.893,0.051,0,1.536,0.302,2.075,0,0.085,22.818,0.006,0.286,10.903
Gintokun,61.857,0.615,0,0.519,6.052,8.451,0,1.736,2.738,0.449,0,12.576,7.467,12.531,8.723,0,0
The Reaper,61.689,0,0,0,0,0,0,0,0,0,0,0,11.444,2.23,27.522,11.264,9.229
MattyVanHalen,61.45,16.708,16.962,4.102,2.012,4.248,7.707,9.711,0,0,0,0,0,0,0,0,0
Gorgh,60.399,12.082,5.229,22.322,0,0,11.299,2.774,0,0.959,2.012,0.0,3.722,0,0,0,0
Peabrain,59.976,8.075,8.379,1.423,1.257,9.759,5.72,7.732,17.631,0,0,0,0,0,0,0,0
mcgeeal,59.495,30.343,16.971,12.181,0,0,0,0,0,0,0,0,0,0,0,0,0
jahmes,59.462,0.624,1.145,5.021,5.344,11.414,0,0,0,0.09,5.451,1.877,22.799,0.098,0.1,5.499,0
Tjockochgammal,59.368,0,0,0,0,0,0,3.166,1.587,12.571,3.045,4.219,12.946,12.037,9.336,0.083,0.378
Esthera,58.609,11.916,4.927,10.229,2.909,3.849,13.641,2.716,5.897,0.096,2.024,0.009,0.074,0.222,0.003,0.037,0.06
Master Yoda,58.067,2.242,2.504,0.984,2.715,6.422,5.14,3.01,5.534,2.535,1.01,0,2.233,3.707,9.019,3.959,7.053
RJ,57.553,8.55,25.847,4.286,16.35,0,0,0,0,0,0,0,0,2.52,0,0,0
Sarmis,56.008,0,0,0,0,1.043,8.787,4.804,6.138,0.9,0,0,0,0,0.0,19.906,14.43
Jaerock,55.345,3.816,0,0,0,0,0,0,0,0,0,0,0.834,44.411,0.138,4.465,1.681
ahmamo,54.622,0,0,0,0,0,0,0,0,0,0,0,0,12.843,23.074,18.705,0
Zork,54.491,0,0,0,0,0,0,9.544,0,0,0,11.801,15.827,6.81,5.814,4.695,0
Kale,54.311,20.217,0,18.813,0,0,0,0,0,5.206,9.714,0,0,0,0,0.361,0
GreyKoan,54.171,32.328,21.139,0.704,0,0,0,0,0,0,0,0,0,0,0,0,0
Plikt,53.918,0,0,0,0,0,0,0,0,0.01,5.366,0,0,0,0,48.528,0.014
Kickern,53.379,0,0,0,0,0,0,0,19.794,23.389,10.196,0,0,0,0,0,0
Hamstah,53.041,0,0,0,0,0,0,0,0,0,0,0,0,0,0,32.537,20.504
Debus,52.334,31.965,19.046,1.323,0,0,0,0,0,0,0,0,0,0,0,0,0
Vovin,51.11,0.236,1.005,0.072,2.12,0.049,0.869,3.331,0.687,2.414,31.123,0.52,0.033,1.292,6.013,0,1.346
King Jota,50.486,0,0.0,7.344,20.903,4.25,8.527,1.401,3.705,0.415,0,0,0,0.0,0,3.941,0
Erix,50.125,11.928,3.155,3.204,1.036,0.351,5.694,8.552,2.114,14.091,0,0,0,0,0,0,0
DavetheGoliath,49.784,12.913,15.429,12.303,9.139,0,0,0,0,0,0,0,0,0,0,0,0
dCLCp,49.529,14.335,4.006,28.996,2.192,0,0,0,0,0,0,0,0,0,0,0,0
Mohammed #1,48.742,0,0,0,0,0,0,0,0,0,0,0,0,0,0,21.986,26.756
Stevie Wonder,48.205,0,3.749,23.908,12.705,7.843,0,0,0,0,0,0,0,0,0,0,0
Ron1n,47.697,0,0,0,0,0.005,2.789,1.395,3.959,0.088,7.548,6.563,3.852,1.065,10.023,4.258,6.152
Riddlesinthedark,45.823,0,0,0,0,0.79,11.964,23.779,8.374,0.916,0,0,0,0,0,0,0
Full Garous,44.476,6.163,4.422,5.529,22.063,0.112,1.279,0,0.33,0.015,1.291,0.409,0,0.02,0.071,2.772,0
Maginot,44.153,0,0,0,0,0,0,0,0.018,7.372,9.935,4.068,3.013,9.385,5.105,1.69,3.567
Jean-Yves,43.503,0,0,0,0,0,0,0,0,0,0,0,24.715,6.448,4.877,4.813,2.65
Asanka456,43.474,0.479,9.887,0.094,14.917,0.633,0.621,1.198,0.0,1.127,0.004,0.071,0.067,8.371,0.008,0.261,5.736
Jeff,42.349,0,0,0,0,0,0,2.327,0.047,12.586,6.293,4.328,3.102,9.274,1.02,3.372,0
Disco,42.284,0,0,5.88,8.206,0.106,1.881,3.873,0.011,0,0,0,0,0,0.147,6.98,15.2
Yawaaaaaaa,42.183,0,0,0,0,0,0,0,0,2.807,0.591,9.63,11.769,8.265,8.923,0.198,0
SatansArsonMilitia,42.166,34.86,7.306,0,0,0,0,0,0,0,0,0,0,0,0,0,0
Jabba,41.484,0,0,0,0,0,0,0,0,41.027,0.457,0,0,0,0,0,0
Slater,41.138,0,0,0,0,0,0,0.028,0.666,3.829,0.0,4.969,5.197,1.623,24.155,0.599,0.072
squarewave,40.153,0.974,0,0,0.055,1.833,30.199,7.092,0,0,0,0,0,0,0,0,0
Ares Titan,39.712,0,0,8.635,0,0,0,0,2.883,0.926,1.064,2.119,0.051,2.647,5.596,7.871,7.92
Grisen,39.542,0,0.054,2.08,0.543,2.076,0.177,0.911,0,3.257,0.011,0.145,4.118,16.158,1.804,0.75,7.458
Char Siu,38.04,0,0,0,0,0,0,0,0,0,0,0,0,0,0,38.04,0
KDramaFan_0714,36.894,0,0,0,0,0,0,0,0,0,1.622,0,14.639,14.453,6.18,0,0
MustacheLess Luigi,35.219,20.992,3.067,2.822,0,0.948,3.449,0.0,3.846,0.095,0,0,0,0,0,0,0
Blade,35.092,0,0,0,0,0,0,0,0,0,0,0,0,0,0.027,9.475,25.59
Ronalddimen,33.667,0,0,0,0,0,0,0,0,0,0,0,2.164,5.446,8.309,6.327,11.421
Hanzogod666,32.82,0,0,3.439,13.684,7.665,8.032,0,0,0,0,0,0,0,0,0,0
Palaiyot,31.932,0,13.844,12.708,5.332,0,0,0,0,0,0,0,0,0,0,0,0.048
MurkiMurk,29.916,0,0,0,0,0,0,0,0,0,0.0,6.191,2.057,2.664,2.502,9.402,7.1
CountBrass,28.814,0,0,0,0,0,0,0,0,0,0,6.048,7.749,5.566,9.063,0.388,0
Justin,28.775,0,0.019,0,0,0.437,0,5.958,7.812,0.621,6.873,5.206,1.767,0.082,0,0,0
LraE,28.435,19.209,0.477,7.922,0.827,0,0,0,0,0,0,0,0,0,0,0,0
MeeSAX,27.974,10.087,2.615,0.043,0.084,1.607,4.754,0.107,5.193,0,0,2.418,1.066,0,0,0,0
lokiramza,27.728,11.042,15.768,0.115,0.802,0.001,0,0,0,0,0,0,0,0,0,0,0
NoMeTsChris,27.358,0,0,10.647,11.329,0,0,0,0,0,0,0,0,0,0,5.382,0
FacettedBag,26.871,0,0,0,0,0,0,0,26.871,0,0,0,0,0,0,0,0
Zar,26.87,26.87,0,0,0,0,0,0,0,0,0,0,0,0,0,0,0
edge,26.526,0,0,0,0,0,0,0,0,0,13.29,13.236,0,0,0,0,0
Thing Fish,26.199,0,0,0,0,0,0,0,0,0,0,2.501,0.767,22.17,0.761,0,0
BEKOBEH,26.065,0,0,0,0,0,0,0,0,0,0,0,0,0,0,0,26.065
Crichton,25.403,0,0.11,0.319,0.066,0,10.849,5.593,7.854,0.592,0.02,0,0,0,0,0,0
Xermaxm,24.124,0,0,0,0,0,0,0.023,3.52,0.461,8.889,11.231,0,0,0,0,0
Antler,24.077,0,0,0,0,0,0,0,0,0,0,0,0,0.469,4.017,3.472,16.119
LBRZY,23.962,0,0,0,0,0,0,0,0,0.131,0,0.1,8.04,3.74,0,5.431,6.52
Winterr,23.885,0.001,0.544,0.002,5.781,0.011,2.389,0.247,2.661,1.159,2.554,0,1.621,0.138,0.004,0.987,5.786
Istoryahee,23.814,0,0,0,0,3.241,1.939,1.884,0.892,0.007,2.055,0.125,2.674,0,0,0,10.997
Rask,23.613,0,0,0,0,7.004,15.063,1.546,0,0,0,0,0,0,0,0,0
GoodJob,22.91,0,11.661,6.728,4.521,0,0,0,0,0,0,0,0,0,0,0,0
LazyHermit,22.823,0,0,0,0,0,0,0,0,0,0,22.823,0,0,0,0,0
Vinski,22.539,0,0,0,0,0,0,0,0,0,0.264,3.357,3.478,0,0.06,14.494,0.886
w3bst3r,22.434,0,22.434,0,0,0,0,0,0,0,0,0,0,0,0,0,0
chianwazhere,22.419,0,0,0,0,0.816,2.991,0,0,0,0,0,0,0,10.589,7.011,1.012
Maximus,22.411,0,0,1.914,0,0,0,0,0.018,0,0.081,2.01,5.937,2.282,2.69,0.589,6.89
Afganu,22.344,0.76,0,0,0,0,0,0,0.118,2.009,6.86,1.881,0.056,0.267,6.101,0.334,3.958
Than-ice,22.205,0,0,0,0,0,0,0,3.712,0.95,2.264,1.925,0.464,10.47,2.42,0,0
Killron,21.942,0,0,0,0,0,0,0,0,0,0,1.318,9.516,7.511,3.531,0.066,0
PinkTractorBeam,21.684,0,0,0,0,0,0,0,0,0,0,7.434,5.492,0,8.758,0,0
Campbell,21.533,6.429,0,0,0,0,0,0,0,0,0,3.468,8.606,1.23,0,1.032,0.768
Little Small Wee Bear,20.967,0,0,0,0,0,0,0,0,0,0,0,2.517,9.11,1.819,0.257,7.264
♥️,20.837,0,0,0,0,0,0,0,0,0,0,0,20.837,0,0,0,0
Bespoked,19.767,19.767,0,0,0,0,0,0,0,0,0,0,0,0,0,0,0
Alarich,19.738,0,0,0,0,0,0,0,0,0,0,0,0,0,8.465,3.513,7.76
B,19.229,19.229,0,0,0,0,0,0,0,0,0,0,0,0,0,0,0
DyersEve,18.85,0,0,0,0,0,0,0,0,0,0,0,3.053,12.081,3.034,0.682,0
Parfittron,18.55,0,0,0,0,0,0.0,7.789,0,0,9.172,1.543,0,0,0.046,0,0
Jaune,17.734,9.297,7.805,0,0,0,0,0,0,0,0,0,0,0,0.632,0,0
Church of the Damned,17.711,0,0,0,0,0,0,0,0,0,0,0,0,0,0,0,17.711
Bennett2018,17.659,0,0,0,0,0,0,0,0,0,0,0,0,0.0,8.871,5.119,3.669
DnumroV,17.608,0,0,7.994,9.614,0,0,0,0,0,0,0,0,0,0,0,0
TeFinete,17.172,11.514,0,0.118,2.338,0.279,0.415,0.074,0,0.004,0.143,2.169,0,0,0.086,0.032,0
Nursey,16.422,0,0,0,0,0,0,0,0,0,0,0,0,0.106,16.316,0,0
King Titus,16.233,16.233,0,0,0,0,0,0,0,0,0,0,0,0,0,0,0
Mithrandir,16.099,3.12,1.374,3.757,7.838,0.01,0,0,0,0,0,0,0,0,0,0,0
slinzer,15.916,0,0,0,0,0,0,0,0,0,0,0.5,1.534,0.02,5.152,8.694,0.016
DeadEd,15.867,0,0,0,0,0,0,1.689,2.327,11.851,0,0,0,0,0,0,0
Lieke,15.623,0.12,0.195,0.324,0,0,0.282,3.397,3.863,4.38,0.065,0,0,0,0.327,1.708,0.962
Gil,15.536,9.481,5.874,0.181,0,0,0,0,0,0,0,0,0,0,0,0,0
ranseru,15.381,0,0,0,0,0,0,0,0.016,0.096,0.021,0.005,7.008,0.012,4.572,3.621,0.03
The Crystal Realm,15.184,0,0,0,0,0,0,0,0,0,0,0,0,0,0,4.326,10.858
Lud,15.166,0,0,0.026,0,0,0,0,0,0,0,0,15.14,0,0,0,0
Drachetanzer,15.085,0,0,0,0,0,0,15.085,0,0,0,0,0,0,0,0,0
dtql,14.92,0,0,0,0,0,0,0,0,0,14.92,0,0,0,0,0,0
TonyPerkis419,14.566,0,0,0,0,0,0,0.031,0.0,4.206,0,0.802,0.117,0.136,0,0,9.274
Popycorn,14.324,14.324,0,0,0,0,0,0,0,0,0,0,0,0,0,0,0
Adawadt,14.311,0,0,0,0,0,0,0,0,0,0,0,0,5.524,3.784,3.11,1.893
Wickerman,14.138,0,0,0,0,0,0,0,0,0,0,0.14,3.425,2.339,1.795,0.0,6.439
spoonman,14.133,0,0,0,0,0,0,0,0,0,0,0,0,0,7.054,0,7.079
TimR,13.996,0,0,0,0,0,0,0,0,13.996,0,0,0,0,0,0,0
Benzer,13.89,0,0,0,0,0,0,0,0,0,0,0,0,5.958,7.932,0,0
illiter4te,13.545,0,0,0,0,0,0,0,0,0.008,0,2.052,11.483,0.002,0,0,0
Jackiieey,13.396,0,0,0,0,0,0.87,0.873,0.137,0.477,7.506,0.018,0.202,1.062,0.544,0.129,1.578
G-13,12.895,0,0,0,0,0,0,0,0,0,0,0,0,12.51,0.203,0.182,0
Kakadrea,12.863,0,0,0,0,0,0,0,0,0,0,0,0,0,0,0,12.863
Mr. Pants,12.768,0,0,0,0,0,0,0,0,0,0,0,0,0,0.837,3.975,7.956
Leeroyta,12.471,0,0,0,0,0,0,0,0,0,0,0,0,0,0,0,12.471
JamJoam,11.914,0,0,0,0,0,0,0,0,0,0,0,0,0,0.971,0,10.943
Thrice_Great,11.636,0,0,0,0,0,0,0,0,0,0,11.636,0,0,0,0,0
Dein,11.389,0,0,0,0,0,0,0,0,0,0,0,0,0,1.887,9.061,0.441
Bazzaroony,11.248,0.023,0,0.09,0.158,2.236,0.697,0.221,0.031,1.27,0.003,3.51,2.528,0.481,0,0,0
Kenshiro,11.014,0,0,0,0,0,0,0,0,2.256,0.723,7.228,0.326,0,0.347,0,0.134
renegade,10.959,0,0,0,0,0,0,0,0,0,0,0,0,0,0,2.761,8.198
Conquering Addict,10.882,0,0,0,0,0,0,0,0,0,1.113,2.66,0.28,1.473,4.059,0.044,1.253
33RPM,10.839,0,0,0,0,0,0,0,0,0,0.0,10.839,0,0,0,0,0
LiragurL,10.723,0,0,0,4.533,0,0,0,0,0,0,0,5.547,0.626,0.017,0,0
Oceanu,10.613,2.045,0.417,1.894,6.257,0,0,0,0,0,0,0,0,0,0,0,0
Dayvinho,10.52,0,1.944,0.036,8.54,0,0,0,0,0,0,0,0,0,0,0,0
Edgar,10.457,6.194,0,0.279,0.047,0.001,0.186,0.055,0.073,0.0,1.114,0.975,0.009,0,1.512,0.012,0
Will shoot Pagan Fire,10.217,0,0,0,0,0,0,0,0,1.526,0,0,0,0.962,1.085,4.117,2.527
Hachiii,9.643,0,0,0,0,0,0,0,0,0,0,0,0,0,0,0,9.643
hepizoj,9.57,9.57,0,0,0,0,0,0,0,0,0,0,0,0,0,0,0
djumanji,9.541,0,0,0,0,0,0,0,0,0,0,0,0,0,0,9.541,0
Blafiora,9.172,0,0,0,0,0,3.628,0,3.855,0,0.021,0.078,0.016,0.0,0,1.323,0.251
Mr_Srsly,8.709,0,0,0,0,0,0,0,0,0,0,0,0,0,0,0,8.709
Kern,8.41,0,8.41,0,0,0,0,0,0,0,0,0,0,0,0,0,0
Larschung,8.143,0.032,1.412,1.473,0.074,0,0.275,0.052,0.212,0.402,0.413,0.551,0.532,2.715,0,0,0
sanoliciouz,8.122,0,0,0,0,0,0,0,0,0,0,0,0,0,0,0,8.122
Baratosch,7.835,0,0,0,0,0,0,0,0,0,0,0,0,0.323,1.366,0.079,6.067
flippingsleepyguy,7.616,0,0,0,0,0,0,7.616,0,0,0,0,0,0,0,0,0
Zenador,7.468,0,0,0,0,0,0,0,0,0,0,0,1.36,0.381,5.071,0.656,0
EvilCheeseWhiz,7.41,0,0,0,0,0,0,0,0,0,0,0,0,0,0,0,7.41
Mongoose,6.999,0,0.0,0.965,6.034,0,0,0,0,0,0,0,0,0,0,0,0
ProtoMan,6.986,0,0,0,0,0,0,0,0,0,0,0,6.986,0,0,0,0
Nyohnn,6.842,0,0,0,0,6.842,0,0,0,0,0,0,0,0,0,0,0
Bilbo,6.805,0,0,0.177,6.628,0,0,0,0,0,0,0,0,0,0,0,0
biscuithead,6.751,0,0,0,0,0,0,0,0,0,0,0,6.751,0,0,0,0
Switchbladeknives,6.706,0,0,0,0,0,0,0,0,0,0,0,0.036,0,0.173,2.935,3.562
Dirigo,6.672,0,0,0,0,0,0,0.688,5.847,0.137,0,0,0,0,0,0,0
Shelbz_Da_OG,6.534,0,0,0,0,0,0,0,0,0,0,0,0,4.505,2.016,0.013,0
moth,6.502,0,0,0,0,0,0,0,0,0,0.093,6.409,0,0,0,0,0
alison,6.473,0,0,0,0,0,0,0,0,0.107,0.045,0,0,0,0,2.453,3.868
Smasher,6.42,0,0,0,0,0,0,0,0,0,0,0,0,0,4.91,0.482,1.028
Yver,6.286,0,0,0,0,0,0,0,0,6.286,0,0,0,0,0,0,0
StackieChan,6.228,0,0,0,0,0,0,0,6.228,0,0,0,0,0,0,0,0
Lord Jeff,6.171,0,0,0,0,0,0,0,0,0,0,0,0,0,0,0,6.171
OmegaFerret,6.112,0,0,0,0,0,0,0,0,0,0,0,0,0,0,0,6.112
Micheal,6.04,0,0,0,0,0,0,0,0,0,0,3.6,2.44,0,0,0,0
Azatronomy,6.015,0,0,0,0,0,0,0,0,0,0,0,0,0,0,0.897,5.118
Gazebo,6.008,0.13,5.878,0,0,0,0,0,0,0,0,0,0,0,0,0,0
Angry_Al,5.954,0,0,0,0,0,0,0,0,0,0,0,0,0,2.505,0.31,3.139
visloq,5.935,0,0,0,0,0,0,0,0,0,0,0,0,0,1.072,0,4.863
La La,5.811,0,0,0,0,0,0,0,0,0,0,0,0,0,0,5.62,0.191
El Camino,5.549,0,0,0,0,0,0,0,0,0,0,0,0,0,0.106,0.394,5.049
Lubo,5.51,0,0,0,0,0,0,0,0,0,0,0,0,0,0,0,5.51
Undead beware!,5.321,0,0,0,0,0,0,0,0,0,0,0,0,0,0,0,5.321
Nathen,5.274,0,0,0,0.051,0,0,0.002,0.064,0.27,0.088,0.057,0.102,4.64,0,0,0
McLovin,5.153,0,0,0,0,0,0,0,0,0,0,0,0,0,0,0,5.153
Ruin,5.139,0,0,0,0,0,0,3.895,1.244,0,0,0,0,0,0,0,0
The Damned,5.029,5.029,0,0,0,0,0,0,0,0,0,0,0,0,0,0,0
rkill,5.005,0,0,0,0,0,0,0,0,0,0,5.005,0,0,0,0,0
Imrik,4.959,0,0,0,0,0,0,0,0,0,0,0,0,0,4.959,0,0
3min3m,4.842,0,0,4.842,0,0,0,0,0,0,0,0,0,0,0,0,0
Wind,4.832,0,0,0,0,0,0,0,0,0,0,0,0,0,0,4.832,0.0
Lightside,4.642,0,0,0,0,0,0,0,0,0,0,0,0,0,0,0,4.642
MBison,4.593,0,0,0,0,0.083,0,0,0,1.29,3.22,0,0,0,0,0,0
The Highlands,4.58,0,0,0,0,0,0,0,0,0,0,0,0,0,0,0,4.58
badou,4.564,0,0,0,0,0,0,0,0,0,0,0,0,0,0,0,4.564
Golrath,4.475,0,0,0,0,2.835,1.64,0,0,0,0,0,0,0,0,0,0
Skyite,4.471,0,0,0,0,0,0,4.151,0.32,0,0,0,0,0,0,0,0
Sokituya,4.333,0,0,0,0,0,0,0,0,0,0,0,0,4.333,0,0,0
Darkfate,4.155,0,0,0,0,0,0,0,0,0,3.877,0.278,0,0,0,0,0
Warden,4.085,0,0,0,0,0,0,0,0,0,0,0,0,1.404,2.654,0.027,0
KaneWeller,4.001,0,0,0,0,0,0,0,0,0,0,0,0,3.758,0.243,0,0
tsfreak,3.999,0,0,0,0,0,0,0,0,0,0,0,0,0,0,0,3.999
alasimpara,3.963,0,0,0,0,0,0,0,0,0,0,0,0,0,0,3.963,0.0
Rexer,3.948,0,0,0,0,0,0,0,0,0,0,0,0,0,0,0,3.948
BossB2,3.889,0,0,0,0,0,0,0,0,0,0.089,0.948,0.206,1.889,0.44,0.282,0.035
Charlie,3.762,0,0,3.762,0,0,0,0,0,0,0,0,0,0,0,0,0
Morgoth King of the North,3.548,0,0,0,0,0,0,0,0,0,0,0.096,3.452,0,0,0,0
MC_Calibrate,3.476,0,0,0,0,0,0,0,0,0,0,0,3.428,0.048,0,0,0
Ketrick,3.452,0,0,0,0,0,0,0,0,0,0,0,1.618,0.496,0.838,0.5,0
Red Rocks,3.409,0,0,0,0.049,0,0,0,0,0,0,0,0,0.119,2.938,0.303,0
Thraynden,3.367,0,0,0,0,0,0,0,3.367,0,0,0,0,0,0,0,0
Mitsy,3.337,0,0,0,0,0,0,0,0,0,0,0,0,0,0,3.337,0
Kongb,3.222,0,0,0,0,0,0,0,0,0,0,0,0,0,0,1.965,1.257
Toi2729,3.12,0,0,2.534,0.586,0,0,0,0,0,0,0,0,0,0,0,0
Dark Monument,3.071,0,0,0.076,1.091,0.416,0.263,0.362,0.183,0.118,0.168,0.394,0.0,0,0,0,0
Ainzooalgon,2.618,0,0,0,0,0,0,0,0,0,0,0,0,0,2.618,0,0
TwoCoats89,2.607,0,0.31,0.543,0.423,0.041,1.129,0.161,0,0,0,0,0,0,0,0,0
Greg Ostertag,2.567,0,0,0,0.111,1.781,0.675,0,0,0,0,0,0,0,0,0,0
Empire of Badou,2.416,0,0,0,0,0,0,0,0,0,0,0,0,0,0,0,2.416
XLollyx,2.409,0,0,0,0,0,0,0,0,0,0,0,2.409,0,0,0,0
Takashi,2.371,0,0,0,0,0,0,0,0,0,0,0,0.341,2.03,0,0,0
Maestro,2.263,0,0,0,0,0,0,0,2.188,0.075,0,0,0,0,0,0,0
Mayong,2.242,2.242,0,0,0,0,0,0,0,0,0,0,0,0,0,0,0
Poopslingers,2.052,0,0,0,0,0,0,2.052,0,0,0,0,0,0,0,0,0
IdFaust,1.992,0,0,0,0,0,0,0,0,0,0,0,1.992,0,0,0,0
Daesan,1.969,1.059,0.91,0,0,0,0,0,0,0,0,0,0,0,0,0,0
Misery,1.968,0,1.804,0.164,0,0,0,0,0,0,0,0,0,0,0,0,0
OrdoAbChao,1.965,0,0,0,0,0,1.014,0.0,0.951,0,0,0,0,0,0,0,0
SheaExplosion,1.85,0,0,0,0,0,0,0,0,0,0,0.0,1.85,0,0,0,0
LordChaos,1.842,0,0,0,0,0,0,0,0,0,0,0,0,1.842,0,0,0
Cyko_Squirel,1.84,0,0,0,0,0,0,0,0,0,0,0,0,1.229,0.493,0.118,0
Day drinking since COVID started,1.815,0,0,0,0,0,0,0,0,0,0,0,0,0,0,0,1.815
Ticey,1.801,0,0,0,0,0,0,0,0,0,0,0,0,1.801,0,0,0
NaUj,1.777,1.777,0,0,0,0,0,0,0,0,0,0,0,0,0,0,0
Piccolo,1.643,0,0,0,0,0,0,0,0,0,0,0,0,0,0.069,1.544,0.03
Diamond3,1.506,0.693,0.061,0.033,0.704,0.015,0,0,0,0,0,0,0,0,0,0,0
kachaos,1.474,0,0,0,0,0,0,0,0,0,0,0,0,0,0,1.474,0
Malazin,1.424,0,0,0,0,0,0,0,0,0,0,0,0,0,0,1.424,0
DaFlamerz,1.418,0,0,0,0,0,0,0,0,0,0,1.418,0,0,0,0,0
Silverfern,1.322,0,0,0,0,0,0,0,0,1.141,0,0,0,0,0,0.113,0.068
Jormungandr,1.231,0,0,0,0,0,0,0.037,0.603,0,0,0,0.411,0.18,0,0,0
OrlaVaer,1.23,0,1.23,0,0,0,0,0,0,0,0,0,0,0,0,0,0
vic,1.126,1.126,0,0,0,0,0,0,0,0,0,0,0,0,0,0,0
LL_Cool_J,1.119,0,0,0,0,0,0,0,0,0,0,0,0,1.119,0,0,0
Leavemygoosealone,1.048,0,0,0,0,0,0,0,0,0,0,0,0,0,0,0.722,0.326
Papadoo,1.014,0,0,0,0,0,0,0,0,0,0,1.014,0,0,0,0,0
Plini,0.914,0,0,0,0,0,0,0,0,0,0,0,0,0,0,0.914,0
Yulwei,0.896,0,0,0,0,0,0.896,0,0,0,0,0,0,0,0,0,0
Berdach,0.871,0,0,0,0,0,0,0,0,0,0,0,0,0,0.871,0,0
mordred,0.853,0,0,0,0,0,0,0,0,0,0,0,0,0,0,0.289,0.564
WarriorLXV,0.826,0,0,0,0.826,0,0,0,0,0,0,0,0,0,0,0,0
Dreydanis,0.825,0,0,0,0.825,0,0,0,0,0,0,0,0,0,0,0,0
Chaluchasu,0.82,0.82,0,0,0,0,0,0,0,0,0,0,0,0,0,0,0
Audio_Titan,0.819,0,0,0,0,0,0,0.819,0,0,0,0,0,0,0,0,0
Brambleshire,0.802,0,0,0,0,0,0,0,0.802,0,0,0,0,0,0,0,0
Turnabell,0.794,0.137,0,0,0,0,0,0.0,0,0,0,0,0,0,0.194,0.463,0
Spoofproof,0.755,0,0,0,0,0,0,0,0,0.755,0,0,0,0,0,0,0
Merritt,0.753,0,0,0,0,0,0,0,0,0,0,0,0,0,0,0.753,0
IzzY KyuuuT Land of Power,0.732,0,0,0,0,0,0,0,0,0,0,0,0,0,0,0,0.732
Wellertron,0.731,0,0,0,0,0,0,0,0,0,0.045,0.396,0.069,0.156,0.065,0,0
Swazi Impe,0.719,0,0,0,0,0,0,0,0,0,0,0,0,0,0,0.675,0.044
Doc Dankworte,0.621,0,0,0,0,0,0,0,0,0.621,0,0,0,0,0,0,0
rxc,0.616,0,0,0,0,0,0,0,0,0.616,0,0,0,0,0,0,0
shmonster,0.601,0,0,0.601,0,0,0,0,0,0,0,0,0,0,0,0,0
Yeeeoow,0.6,0,0,0,0,0,0,0,0,0,0,0,0,0,0,0,0.6
eXistenZ,0.595,0,0,0,0,0,0,0,0,0,0,0,0,0.595,0,0,0
Invisible Child,0.577,0,0,0,0,0,0,0,0,0,0,0,0,0,0,0,0.577
hunter,0.571,0,0,0,0,0.007,0.487,0,0,0,0,0,0.021,0,0,0,0.056
Silcram,0.565,0,0,0,0,0,0,0.565,0,0,0,0,0,0,0,0,0
Brokenstep,0.559,0,0,0,0,0,0,0,0,0,0,0,0,0.152,0.168,0.209,0.03
nimno,0.535,0,0,0,0,0,0,0,0,0,0,0,0,0.535,0,0,0
DapperDanMan,0.516,0,0,0,0,0,0,0,0.516,0,0,0,0,0,0,0,0
Erikman,0.499,0,0,0,0,0,0,0,0,0,0,0,0,0,0,0,0.499
Stratigos,0.494,0,0,0.181,0.313,0,0,0,0,0,0,0,0,0,0,0,0
MissAM,0.478,0,0,0,0,0,0,0,0,0,0,0,0,0,0.0,0.478,0
Passant,0.444,0,0,0,0,0,0,0,0,0,0,0,0,0,0,0,0.444
Beer bear wear,0.443,0,0,0,0,0,0,0,0,0,0,0,0,0,0,0,0.443
Darthbong,0.422,0,0,0,0.422,0,0,0,0,0,0,0,0,0,0,0,0
Rocks2Machs,0.42,0,0,0,0,0,0,0.42,0,0,0,0,0,0,0,0,0
alphanidon,0.385,0,0,0,0,0,0,0,0,0,0,0.384,0,0,0,0,0.001
Espiritus,0.364,0.364,0,0,0,0,0,0,0,0,0,0,0,0,0,0,0
Unrelentless,0.353,0,0,0,0,0,0,0,0.353,0,0,0,0,0,0,0,0
Airknight,0.332,0,0,0,0,0,0,0,0,0,0,0,0,0,0,0.332,0.0
park,0.328,0,0,0,0,0,0,0.0,0,0.328,0,0,0,0,0,0,0
RyanRahl,0.286,0,0,0,0,0,0,0,0,0,0,0,0,0.286,0,0,0
Scratchy,0.28,0,0,0.28,0,0,0,0,0,0,0,0,0,0,0,0,0
Fenoglio,0.275,0,0,0,0,0,0,0.275,0,0,0,0,0,0,0,0,0
Spectrall,0.264,0,0,0,0.264,0,0,0,0,0,0,0,0,0,0,0,0
Squidpaper,0.264,0,0,0,0,0,0,0,0,0.233,0.031,0,0,0,0,0,0
WaRsCoTtS,0.259,0,0,0,0,0,0,0,0,0,0,0,0,0,0,0.259,0
Toki,0.237,0,0,0,0,0,0.237,0,0,0,0,0,0,0,0,0,0
Torn,0.231,0,0,0,0,0,0,0,0,0.01,0.206,0,0,0.015,0,0,0
Mudbiskit,0.223,0,0,0,0,0,0,0,0,0,0,0,0,0.112,0,0.111,0
Hellius II,0.222,0,0,0,0,0,0,0,0,0,0,0,0.222,0,0,0,0
illum3e,0.219,0,0,0,0,0,0,0,0,0.219,0,0,0,0,0,0,0
b33fball,0.219,0,0,0,0,0,0,0,0,0,0,0,0,0,0,0,0.219
Redkozak,0.203,0,0,0.203,0,0,0,0,0,0,0,0,0,0,0,0,0
ClapnCheeX,0.199,0,0,0,0,0,0,0,0,0,0,0,0,0,0,0,0.199
Cervantis002,0.198,0,0,0,0,0,0,0,0,0,0,0.189,0,0,0,0,0.009
Haggoroth,0.197,0,0,0,0,0,0,0,0,0,0,0,0,0,0,0,0.197
The Devil And God Are Raging Inside Me,0.184,0,0,0,0,0,0,0,0,0,0,0,0,0,0,0.174,0.01
Nik_Fot,0.177,0,0,0,0,0.177,0,0,0,0,0,0,0,0,0,0,0
Cosmic,0.166,0,0,0.166,0,0,0,0,0,0,0,0,0,0,0,0,0
meekoH,0.156,0,0,0,0,0,0,0,0,0,0,0.156,0,0,0,0,0
Incredibill,0.153,0,0,0,0,0,0,0,0,0,0,0,0,0,0,0,0.153
Maxw3ll,0.152,0,0,0,0,0,0,0,0,0,0,0,0,0,0,0,0.152
ThePirateKing,0.149,0,0,0,0,0,0,0,0,0.149,0,0,0,0,0,0,0
zewett,0.143,0,0,0,0,0,0,0,0,0,0,0,0,0,0,0,0.143
Lord Big T,0.14,0,0,0,0,0,0,0,0,0,0,0,0,0,0,0.14,0
Almighty,0.14,0,0,0,0,0,0,0,0,0,0,0,0,0,0,0,0.14
TheLastVegan,0.138,0,0,0.138,0,0,0,0,0,0,0,0,0,0,0,0,0
Gunnerland,0.123,0,0,0,0,0,0,0,0,0,0.123,0,0,0,0,0,0
JamesEna,0.118,0,0,0,0,0.118,0,0,0,0,0,0,0,0,0,0,0
Speechless,0.118,0,0,0,0,0,0,0,0,0,0,0,0,0,0.118,0,0
Firesky,0.116,0,0,0,0,0,0,0,0,0.116,0,0,0,0,0,0,0
Entaroadun,0.108,0,0,0,0,0,0,0,0,0.025,0.083,0,0,0,0,0,0
RoyalTea,0.105,0,0,0,0,0,0,0,0,0,0,0.105,0,0,0,0,0
Tristagi43,0.103,0,0,0,0,0.103,0,0,0,0,0,0,0,0,0,0,0
Still Angry,0.093,0,0,0,0,0,0,0,0,0,0,0,0,0,0,0,0.093
imp,0.086,0,0,0,0,0,0,0,0,0,0,0,0,0.086,0,0,0
Versatus,0.08,0,0,0,0,0,0,0,0,0.08,0,0,0,0,0,0,0
Rootwalla,0.077,0,0,0,0,0,0,0,0.077,0,0,0,0,0,0,0,0
Woldberc,0.076,0,0,0,0,0,0,0,0,0,0,0,0,0.008,0,0.001,0.067
EvilGas,0.074,0,0,0,0,0,0,0,0,0,0,0,0,0,0,0.011,0.063
horyshet,0.066,0,0,0,0,0,0,0,0,0,0.066,0,0,0,0,0,0
FallenEccentrix,0.064,0.005,0.059,0,0,0,0,0,0,0,0,0,0,0,0,0,0
merf_me_bb,0.062,0,0,0,0,0,0,0,0,0,0,0,0,0,0,0.062,0
Spudguntechie,0.055,0,0,0.055,0,0,0,0,0,0,0,0,0,0,0,0,0
Elf’s On Crack,0.055,0,0,0,0,0,0,0,0,0,0.055,0,0,0,0,0,0
Dasubervega,0.054,0,0,0,0,0,0,0,0,0.054,0,0,0,0,0,0,0
IanTheWrong,0.05,0,0.05,0,0,0,0,0,0,0,0,0,0,0,0,0,0
smasherguppy,0.05,0,0,0,0,0,0,0,0,0,0,0,0,0,0,0.05,0
ryorge,0.044,0,0,0,0.044,0,0,0,0,0,0,0,0,0,0,0,0
Bombardil,0.043,0,0,0,0,0,0,0,0,0,0,0.043,0,0,0,0,0
The_Underworld,0.041,0,0,0,0,0,0,0,0,0,0,0,0,0,0,0,0.041
Adiiane,0.04,0,0,0,0,0,0,0,0,0.04,0,0,0,0,0,0,0
RookieOG,0.039,0.039,0,0,0,0,0,0,0,0,0,0,0,0,0,0,0
Damianno,0.039,0,0,0,0,0,0,0,0,0,0,0,0,0.039,0,0,0
Panpan,0.036,0,0,0,0,0,0,0,0,0.008,0,0,0.028,0.0,0,0,0
Lokazi,0.032,0,0,0,0,0,0,0,0.032,0,0,0,0,0,0,0,0
mediiicaliii,0.031,0,0,0,0,0,0.031,0,0,0,0,0,0,0,0,0,0
Juxta,0.027,0,0,0,0,0.027,0,0,0,0,0,0,0,0,0,0,0
Bangang,0.026,0,0,0,0,0,0,0,0,0,0,0,0,0,0,0.026,0
Vegnarok,0.026,0,0,0,0,0,0,0,0,0,0,0,0,0,0,0.026,0
Semo,0.023,0.023,0,0,0,0,0,0,0,0,0,0,0,0,0,0,0
neoaran,0.022,0,0,0,0,0,0,0,0,0,0,0,0,0,0.022,0,0
Alexander87,0.021,0.021,0,0,0,0,0,0,0,0,0,0,0,0,0,0,0
iSPAMz,0.018,0,0,0,0,0,0.018,0,0,0,0,0,0,0,0,0,0
CollectorEds,0.017,0,0,0,0,0,0,0.017,0,0,0,0,0,0,0,0,0
Dragon vally,0.016,0,0,0,0,0,0,0,0.016,0,0,0,0,0,0,0,0
Therenton,0.013,0,0,0,0,0,0,0,0,0,0,0.013,0,0,0,0,0
Voldigar,0.011,0,0.011,0.0,0.0,0,0,0,0,0,0,0,0,0,0,0,0
Equimanthron Cavirus,0.011,0,0,0,0,0,0,0,0,0,0,0,0,0,0.011,0,0
Corehole,0.01,0,0,0,0,0,0,0,0,0,0,0,0.01,0,0,0,0
cabbieTwoFive,0.008,0,0.008,0,0,0,0,0,0,0,0,0,0,0,0,0,0
Roamin,0.006,0,0,0,0,0,0,0,0,0,0.006,0,0,0,0,0,0
Meowbits,0.005,0,0.005,0,0,0,0,0,0,0,0,0,0,0,0,0,0
armagedDON,0.005,0,0,0,0,0,0,0.005,0,0,0,0,0,0,0,0,0
xiang1121,0.004,0,0,0,0,0,0,0,0,0,0,0,0,0,0,0,0.004
Ro,0.003,0,0.003,0,0,0,0,0,0,0,0,0,0,0,0,0,0
Jdh,0.002,0,0.002,0,0,0,0,0,0,0,0,0,0,0,0,0,0
Forlorn Dumpster,0.002,0,0,0,0,0,0,0,0,0,0,0,0,0,0.002,0,0
NuckingFoobs,0.002,0,0,0,0,0,0,0,0,0,0,0,0,0,0,0.002,0
Serpentis,0.001,0,0,0,0,0,0,0,0,0,0,0,0,0,0.001,0,0
Masara,0.001,0,0,0,0,0,0,0,0,0,0,0,0,0,0,0,0.001
Skubasteve,0.0,0.0,0,0,0,0,0,0,0,0,0,0,0,0,0,0,0
Apo Lakay,0.0,0.0,0,0,0,0,0,0,0,0,0,0,0,0,0,0,0
CooldowN,0.0,0,0.0,0,0,0,0,0,0,0,0,0,0,0,0,0,0
SapheraKurenai,0.0,0,0,0.0,0,0,0,0,0,0,0,0,0,0,0,0,0
Ezrek,0.0,0,0,0.0,0,0,0,0,0,0,0,0,0,0,0,0,0
Margooni,0.0,0,0,0,0,0,0.0,0,0,0,0,0,0,0,0,0,0
Porkuslavia,0.0,0,0,0,0,0,0,0,0.0,0,0,0,0,0,0,0,0
CHRILION,0.0,0,0,0,0,0,0,0,0,0,0,0,0,0.0,0,0,0
Light,0.0,0,0,0,0,0,0,0,0,0,0,0,0,0,0.0,0,0
itsybitsyspider,0.0,0,0,0,0,0,0,0,0,0,0,0,0,0,0.0,0,0
RodentAnon,0.0,0,0,0,0,0,0,0,0,0,0,0,0,0,0.0,0,0
Peregrine,0.0,0,0,0,0,0,0,0,0,0,0,0,0,0,0,0.0,0
aggenick,0.0,0,0,0,0,0,0,0,0,0,0,0,0,0,0,0.0,0
LornMalvo,0.0,0,0,0,0,0,0,0,0,0,0,0,0,0,0,0,0.0
HugeblkMan,0.0,0,0,0,0,0,0,0,0,0,0,0,0,0,0,0,0.0
Hawkeye,0.0,0,0,0,0,0,0,0,0,0,0,0,0,0,0,0,0.0
Kirkatronics,0.0,0,0,0,0,0,0,0,0,0,0,0,0,0,0,0,0.0
